ORGANCMNIST/MAGE_ALONE_20H/mage_imgcls/MAGE_ALONE_20H__4001 0.12262042389210019 0.16063952436750234 0.7731715268424224
ORGANCMNIST/MAGE_ALONE_20H/mage_imgcls/MAGE_ALONE_20H__4002 0.46211946050096336 0.3976932467615552 0.8104500720747645
ORGANCMNIST/MAGE_ALONE_20H/mage_imgcls/MAGE_ALONE_20H__4003 0.11630057803468208 0.14787568513286628 0.6955472787315184
ORGANCMNIST/MAGE_ALONE_20H/mage_imgcls/MAGE_ALONE_20H__4004 0.13202312138728323 0.17761626993625632 0.7825641039294721
ORGANCMNIST/MAGE_ALONE_20H/mage_imgcls/MAGE_ALONE_20H__4101 0.17541425818882467 0.2500035331288533 0.7715511259302428
ORGANCMNIST/MAGE_ALONE_20H/mage_imgcls/MAGE_ALONE_20H__4102 0.1223121387283237 0.1581572708390156 0.6929390197771572
ORGANCMNIST/MAGE_ALONE_20H/mage_imgcls/MAGE_ALONE_20H__4103 0.15267822736030828 0.2234895451342596 0.7806166685270839
ORGANCMNIST/MAGE_ALONE_20H/mage_imgcls/MAGE_ALONE_20H__4104 0.12200385356454721 0.17337230907052853 0.7329906685493864
ORGANCMNIST/MAGE_ALONE_20H/mage_imgcls/MAGE_ALONE_20H__4201 0.12393063583815028 0.1616388531151171 0.7730593622051536
ORGANCMNIST/MAGE_ALONE_20H/mage_imgcls/MAGE_ALONE_20H__4202 0.3311753371868979 0.4080944962345913 0.7049277192494094
ORGANCMNIST/MAGE_ALONE_20H/mage_imgcls/MAGE_ALONE_20H__4203 0.13302504816955685 0.1780749696894544 0.7416129280611249
ORGANCMNIST/MAGE_ALONE_20H/mage_imgcls/MAGE_ALONE_20H__4204 0.45001926782273605 0.4325007862779427 0.7453189930735694
ORGANCMNIST/MAGE_ALONE_20H/mage_imgcls/MAGE_ALONE_20H__4301 0.4729865125240848 0.40825913130350827 0.7746404610250337
ORGANCMNIST/MAGE_ALONE_20H/mage_imgcls/MAGE_ALONE_20H__4302 0.12308285163776493 0.16100401789693305 0.6282316394361853
ORGANCMNIST/MAGE_ALONE_20H/mage_imgcls/MAGE_ALONE_20H__4303 0.12277456647398843 0.15655565372271868 0.6646846398973101
ORGANCMNIST/MAGE_ALONE_20H/mage_imgcls/MAGE_ALONE_20H__4304 0.12046242774566474 0.15504634303420298 0.7715984410674932
